# This file may be used to create an environment using:
# $ conda create --name <env> --file <this file>
# platform: win-64
ca-certificates=2021.10.8=h5b45459_0
certifi=2021.10.8=py39hcbf5309_1
docutils=0.18=py39hcbf5309_1
freetype=2.10.4=h546665d_1
glew=2.1.0=h39d44d4_2
icu=69.1=h0e60522_0
jbig=2.1=h8d14728_2003
jpeg=9d=h8ffe710_0
kivy=2.0.0=py39hbc8f19d_3
lcms2=2.12=h2a16943_0
lerc=3.0=h0e60522_0
libdeflate=1.8=h8ffe710_0
libevent=2.1.10=h6a571f8_4
libpng=1.6.37=h1d00b33_2
libprotobuf=3.19.3=h7755175_0
libtiff=4.3.0=hd413186_2
libzlib=1.2.11=h8ffe710_1013
lz4-c=1.9.3=h8ffe710_1
mysql=8.0.27=h57928b3_3
mysql-client=8.0.27=hf8b63c5_3
mysql-common=8.0.27=h57928b3_3
mysql-connector-python=8.0.27=pypi_0
mysql-devel=8.0.27=h57928b3_3
mysql-libs=8.0.27=h4d1747d_3
mysql-server=8.0.27=h77165ef_3
olefile=0.46=pyh9f0ad1d_1
openjpeg=2.4.0=hb211442_1
openssl=1.1.1l=h8ffe710_0
pillow=8.3.2=py39h916092e_0
pip=21.2.4=py39haa95532_0
protobuf=3.19.3=pypi_0
pygame=2.0.3=pypi_0
pygments=2.10.0=pyhd8ed1ab_0
python=3.9.7=h6244533_1
python_abi=3.9=2_cp39
pytmx=3.30=pypi_0
sdl2=2.0.12=h0e60522_1
sdl2_image=2.0.5=h63225fd_0
sdl2_mixer=2.0.4=h6538335_0
sdl2_ttf=2.0.15=h4636d2b_0
setuptools=58.0.4=py39haa95532_0
smpeg2=2.0.0=h6538335_1
sqlite=3.36.0=h2bbff1b_0
tk=8.6.11=h8ffe710_1
tzdata=2021e=hda174b7_0
ucrt=10.0.20348.0=h57928b3_0
vc=14.2=h21ff451_1
vs2015_runtime=14.29.30037=h902a5da_6
wheel=0.37.0=pyhd3eb1b0_1
wincertstore=0.2=py39haa95532_2
xz=5.2.5=h62dcd97_1
zlib=1.2.11=h8ffe710_1013
zstd=1.5.0=h6255e5f_0
